#Motif 1	#Motif 2	Rank 1	Rank 2	Similarity	pAUC 1	pAUC 2	pAUC 1&2	Ratio

1	2	4	1		  0.037845	  0.038074	 -0.020576	 -0.540427
1	3	4	7		  0.037845	  0.037227	 -0.020596	 -0.544214
1	4	4	6		  0.037845	  0.037366	 -0.020393	 -0.538855
1	5	4	9		  0.037845	  0.036951	 -0.020787	 -0.549262
1	6	4	3		  0.037845	  0.038074	 -0.020576	 -0.540427
1	7	4	5		  0.037845	  0.037694	 -0.020577	 -0.543708
1	8	4	10		  0.037845	  0.036891	 -0.020779	 -0.549067
1	9	4	2		  0.037845	  0.038074	 -0.020419	 -0.536297
1	10	4	8		  0.037845	  0.036970	 -0.020419	 -0.539536

2	3	1	7		  0.038074	  0.037227	 -0.020485	 -0.538039
2	4	1	6		  0.038074	  0.037366	 -0.020485	 -0.538039
2	5	1	9		  0.038074	  0.036951	 -0.020668	 -0.542845
2	6	1	3		  0.038074	  0.038074	 -0.020485	 -0.538039
2	7	1	5		  0.038074	  0.037694	 -0.020485	 -0.538039
2	8	1	10		  0.038074	  0.036891	 -0.020668	 -0.542845
2	9	1	2		  0.038074	  0.038074	 -0.020711	 -0.543973
2	10	1	8		  0.038074	  0.036970	 -0.020711	 -0.543973

3	4	7	6		  0.037227	  0.037366	 -0.021261	 -0.568976
3	5	7	9		  0.037227	  0.036951	  0.042953	  1.153826
3	6	7	3		  0.037227	  0.038074	  0.042963	  1.128421
3	7	7	5		  0.037227	  0.037694	  0.042963	  1.139770
3	8	7	10		  0.037227	  0.036891	  0.043072	  1.157013
3	9	7	2		  0.037227	  0.038074	  0.042999	  1.129354
3	10	7	8		  0.037227	  0.036970	  0.042999	  1.155052

4	5	6	9		  0.037366	  0.036951	  0.042157	  1.128208
4	6	6	3		  0.037366	  0.038074	  0.042667	  1.120655
4	7	6	5		  0.037366	  0.037694	  0.042930	  1.138886
4	8	6	10		  0.037366	  0.036891	  0.042247	  1.130608
4	9	6	2		  0.037366	  0.038074	  0.042700	  1.121512
4	10	6	8		  0.037366	  0.036970	  0.042700	  1.142738

5	6	9	3		  0.036951	  0.038074	 -0.022178	 -0.582497
5	7	9	5		  0.036951	  0.037694	 -0.021675	 -0.575028
5	8	9	10		  0.036951	  0.036891	 -0.021582	 -0.584065
5	9	9	2		  0.036951	  0.038074	 -0.021516	 -0.565107
5	10	9	8		  0.036951	  0.036970	 -0.021516	 -0.581972

6	7	3	5		  0.038074	  0.037694	  0.043787	  1.150066
6	8	3	10		  0.038074	  0.036891	 -0.020668	 -0.542845
6	9	3	2		  0.038074	  0.038074	 -0.020722	 -0.544257
6	10	3	8		  0.038074	  0.036970	 -0.020722	 -0.544257

7	8	5	10		  0.037694	  0.036891	 -0.021052	 -0.558481
7	9	5	2		  0.037694	  0.038074	 -0.021016	 -0.551984
7	10	5	8		  0.037694	  0.036970	 -0.021016	 -0.557535

8	9	10	2		  0.036891	  0.038074	  0.042963	  1.128418
8	10	10	8		  0.036891	  0.036970	  0.041956	  1.134855

9	10	2	8		  0.038074	  0.036970	  0.044072	  1.157556

