PEAKS039234_BHLHA15_Q9QYC3_MACS2
41	LPD count
16	Model length
-57.068033108749	Minimum
60.624146136794	Razmah
2	3	-0.643058880927	0	aa
3	4	-0.781046742277	1	ac
5	10	-4.504177877578	1	ac
0	5	-1.748868441428	2	ag
6	6	0.124415781607	2	ag
7	10	-3.380458016486	2	ag
11	14	-1.545900167588	2	ag
6	6	0.542017819881	3	at
8	8	0.121334515268	3	at
0	4	-1.913675134709	4	ca
5	5	0.983682500751	4	ca
6	10	-4.054536976558	4	ca
11	14	-1.846020605609	4	ca
3	4	-0.710800467091	5	cc
4	7	-3.380458016486	7	ct
8	8	0.353281743127	7	ct
9	10	-1.818518363215	7	ct
11	12	-0.694779674587	7	ct
1	3	-0.994479035127	8	ga
7	12	-3.639266795992	8	ga
0	1	-0.522807625389	9	gc
2	5	-2.028058778858	9	gc
6	6	-0.859280861779	9	gc
7	7	0.266859015091	9	gc
8	9	-1.768553900366	9	gc
10	12	-1.587627140702	9	gc
0	3	-1.101632359661	10	gg
10	10	-0.415410303646	10	gg
11	14	-1.355691821017	10	gg
0	2	-1.220388512395	11	gt
9	10	-0.918152025345	11	gt
11	14	-1.451812104473	11	gt
7	7	-0.022707270992	12	ta
12	13	-0.973518378506	12	ta
3	7	-2.869680433873	13	tc
11	12	-1.022430009984	13	tc
4	8	-4.038033752092	14	tg
9	9	1.164521652320	14	tg
10	10	-0.869509644112	14	tg
11	13	-1.258660211136	14	tg
11	13	-1.128032778765	15	tt
